url,name,address,city,state,phone
https://anderson-cpa.com/,Results,"119 N Main St, Corsicana, TX 75110",Corsicana,TX,(903) 872-2571
https://negretefrias.com/,Results,"102 E Milam St, Ennis, TX 75119",Ennis,TX,(936) 777-9763
http://www.mdwilliamsoncpa.com/,Results,"1500 S Hall St Suite 100, Ennis, TX 75119",Ennis,TX,(972) 875-2133
http://www.ywrd.cpa/,Results,"805 Lake Bardwell Dr Ste d, Ennis, TX 75119",Ennis,TX,(972) 878-2611
https://simplifiedcpas.com/,Results,"107 S Gaines St, Ennis, TX 75119",Ennis,TX,(972) 923-2881
https://crtaxassociates.webflow.io/,Results,"173 Fairhill Ln, Gun Barrel City, TX 75156",Gun Barrel City,TX,(903) 698-7533
https://www.sealecpa.com/,Results,"711 N Janes Rd, West, TX 76691",West,TX,(512) 419-1249
http://cpacentraltexas.org/,Results,"3413 E Main St, Gatesville, TX 76528",Gatesville,TX,(254) 865-8966
https://cpageorge.com/,Results,"106 Trinity Ct, Palestine, TX 75801",Palestine,TX,(903) 723-2557
https://www.maldonadocpa.com/,Results,"825 Watters Creek Blvd Building M, Suite 250 #1498, Allen, TX 75013",Allen,TX,(972) 244-3167
https://www.pbhcpa.com/,Results,"115 S Church St, Hillsboro, TX 76645",Hillsboro,TX,(254) 582-2583
https://www.halecpagroup.com/,Results,"560 N Main St #9, Salado, TX 76571",Salado,TX,(254) 308-7910
https://pueblitotaxservices.com/contact/,Results,"605 W Hwy 79, Franklin, TX 77856",Franklin,TX,(979) 828-1410
http://www.banderatex.com/list/member/pipe-creek-business-service-752,Results,"167 E Pipe Creek Dr, Pipe Creek, TX 78063",Pipe Creek,TX,(830) 510-4242
http://uniqueprofessionaltaxservice.com/,Results,"12053 Willow St, North Zulch, TX 77872",North Zulch,TX,(936) 348-0439
http://perfecttax.com/,Results,"6850 TPC Dr Ste 108, McKinney, TX 75070",McKinney,TX,(469) 828-0829
https://www.facebook.com/taxesbyamandaschultz/,Results,"311 S Mulberry St, Archer City, TX 76351",Archer City,TX,(940) 237-2656
http://www.ricetaxservice.net/,Results,"312 Heard Rd, Naples, TX 75568",Naples,TX,(903) 897-5172
https://www.drumcpa.com/,Results,"718 4th St, Blanco, TX 78606",Blanco,TX,(830) 833-5038
http://www.schoppe.com/,Results,"508 W Tyson Ave, Cameron, TX 76520",Cameron,TX,(254) 697-6588
https://www.duddingtax.com/,Results,"9702 Golden Ridge Dr, Converse, TX 78109",Converse,TX,(210) 316-8279
http://www.ntexasaccounting.com/,Results,"932 E Hwy 199, Springtown, TX 76082",Springtown,TX,(682) 615-7880
http://www.dmtax-financial.com/,Results,"555 Republic Dr Ste 320, Plano, TX 75074",Plano,TX,(945) 218-6099
https://freedomlinetax.com/,Results,"1103 Alexis Ct Ste 107, Mansfield, TX 76063",Mansfield,TX,(682) 422-7142
http://www.sezcpa.com/,Results,"931 Cypress Ave, Cushing, TX 75760",Cushing,TX,(936) 326-4079
https://www.kperronecpa.com/,Results,"1716 Briarcrest Dr #203, Bryan, TX 77802",Bryan,TX,(979) 268-6000
https://stephaniesaccounting.cpa/,Results,,Purdon,TX,(737) 775-9100
http://protaxsrvs.com/,Results,"4453 US-287, Alvord, TX 76225",Alvord,TX,(940) 800-2510
